1 0.625 0.3702127659574468 0.0078125 0.01702127659574468
1 0.840625 0.3872340425531915 0.00625 0.01702127659574468
4 0.5375 0.39574468085106385 0.0078125 0.0425531914893617
4 0.078125 0.39574468085106385 0.0078125 0.04680851063829787
3 0.2875 0.37872340425531914 0.009375 0.029787234042553193
3 0.2875 0.5234042553191489 0.0078125 0.03404255319148936
3 0.7328125 0.37446808510638296 0.015625 0.03829787234042553
3 0.9765625 0.37446808510638296 0.021875 0.03404255319148936
3 0.021875 0.37446808510638296 0.015625 0.0425531914893617
0 0.075 0.4723404255319149 0.025 0.02553191489361702
0 0.5375 0.46808510638297873 0.025 0.02127659574468085
2 0.0625 0.37872340425531914 0.00625 0.02127659574468085
2 0.125 0.37872340425531914 0.0078125 0.029787234042553193
2 0.125 0.5234042553191489 0.00625 0.02127659574468085
2 0.2640625 0.37446808510638296 0.00625 0.02127659574468085
2 0.2625 0.5234042553191489 0.00625 0.02127659574468085
2 0.4890625 0.37872340425531914 0.0078125 0.02553191489361702
2 0.4890625 0.5234042553191489 0.00625 0.02127659574468085