1 0.33671875 0.16640625 0.00390625 0.0078125
1 0.453125 0.17421875 0.003125 0.0078125
4 0.28984375 0.178125 0.00390625 0.01953125
4 0.0421875 0.178125 0.00390625 0.02109375
3 0.1546875 0.1703125 0.0046875 0.01328125
3 0.1546875 0.23515625 0.00390625 0.015625
3 0.3953125 0.16875 0.00859375 0.0171875
3 0.5265625 0.16875 0.01171875 0.015625
3 0.01171875 0.16875 0.00859375 0.01953125
0 0.040625 0.2125 0.01328125 0.01171875
0 0.28984375 0.2109375 0.01328125 0.009375
2 0.03359375 0.1703125 0.003125 0.009375
2 0.0671875 0.1703125 0.00390625 0.01328125
2 0.0671875 0.23515625 0.003125 0.009375
2 0.1421875 0.16875 0.003125 0.009375
2 0.14140625 0.23515625 0.003125 0.009375
2 0.26328125 0.1703125 0.00390625 0.01171875
2 0.26328125 0.23515625 0.003125 0.009375
1 0.7375 0.3390625 0.396875 0.221875
1 0.128125 0.63125 0.2546875 0.2453125
1 0.97109375 0.8359375 0.0578125 0.1125
3 0.725 0.8640625 0.2484375 0.1625