3 0.13125 0.6062992125984252 0.0140625 0.06299212598425197
2 0.14375 0.6141732283464567 0.0078125 0.03937007874015748
2 0.1734375 0.6141732283464567 0.00625 0.031496062992125984
2 0.2359375 0.6141732283464567 0.0078125 0.03937007874015748
0 0.2265625 0.937007874015748 0.03125 0.05511811023622047
2 0.2359375 0.8503937007874016 0.00625 0.047244094488188976
2 0.378125 0.6062992125984252 0.00625 0.031496062992125984
2 0.378125 0.8582677165354331 0.00625 0.047244094488188976
2 0.4296875 0.6141732283464567 0.0078125 0.047244094488188976
2 0.4296875 0.8503937007874016 0.00625 0.047244094488188976
0 0.525 0.9291338582677166 0.0296875 0.047244094488188976
2 0.51875 0.8503937007874016 0.0078125 0.047244094488188976
2 0.5203125 0.6141732283464567 0.0078125 0.047244094488188976
1 0.9890625 0.6299212598425197 0.0109375 0.047244094488188976
1 0.9390625 0.6299212598425197 0.0078125 0.03937007874015748
1 0.65625 0.6299212598425197 0.0109375 0.047244094488188976
3 0.6046875 0.6062992125984252 0.015625 0.06299212598425197
1 0.6203125 0.6220472440944882 0.0078125 0.03937007874015748
1 0.5765625 0.6299212598425197 0.0109375 0.05511811023622047
4 0.1828125 0.5748031496062992 0.0109375 0.07086614173228346
4 0.565625 0.5748031496062992 0.0109375 0.07874015748031496
1 0.096875 0.6299212598425197 0.009375 0.047244094488188976
3 0.8 0.6062992125984252 0.0296875 0.07874015748031496
3 0.9640625 0.6062992125984252 0.0234375 0.07086614173228346
3 0.3328125 0.6062992125984252 0.0109375 0.07086614173228346
3 0.33125 0.8503937007874016 0.009375 0.08661417322834646
3 0.4609375 0.6062992125984252 0.0140625 0.05511811023622047
3 0.4609375 0.8503937007874016 0.0140625 0.05511811023622047