3 0.06015625 0.26640625 0.00625 0.02734375
2 0.06640625 0.26953125 0.00390625 0.0171875
2 0.0796875 0.26953125 0.003125 0.0140625
2 0.10859375 0.26953125 0.00390625 0.0171875
0 0.10390625 0.41171875 0.0140625 0.02421875
2 0.10859375 0.3734375 0.003125 0.02109375
2 0.1734375 0.26640625 0.003125 0.0140625
2 0.1734375 0.3765625 0.003125 0.02109375
2 0.19765625 0.26953125 0.00390625 0.02109375
2 0.19765625 0.3734375 0.003125 0.02109375
0 0.24140625 0.4078125 0.01328125 0.02109375
2 0.23828125 0.3734375 0.00390625 0.02109375
2 0.2390625 0.26953125 0.00390625 0.02109375
1 0.4546875 0.2765625 0.0046875 0.02109375
1 0.43125 0.2765625 0.00390625 0.0171875
1 0.3015625 0.2765625 0.0046875 0.02109375
3 0.278125 0.26640625 0.00703125 0.02734375
1 0.28515625 0.2734375 0.00390625 0.0171875
1 0.26484375 0.2765625 0.0046875 0.02421875
4 0.08359375 0.25234375 0.0046875 0.03125
4 0.26015625 0.25234375 0.0046875 0.034375
1 0.04453125 0.2765625 0.0046875 0.02109375
3 0.3671875 0.26640625 0.01328125 0.034375
3 0.44296875 0.26640625 0.0109375 0.03125
3 0.153125 0.26640625 0.0046875 0.03125
3 0.15234375 0.3734375 0.0046875 0.03828125
3 0.21171875 0.26640625 0.00625 0.02421875
3 0.21171875 0.3734375 0.00625 0.02421875
4 0.96640625 0.02421875 0.0578125 0.0484375
2 0.6984375 0.0421875 0.053125 0.0515625
0 0.73125 0.4140625 0.203125 0.046875
2 0.69375 0.325 0.0515625 0.0671875
3 0.04140625 0.9109375 0.01015625 0.025
3 0.13671875 0.90703125 0.00546875 0.025
3 0.21640625 0.8140625 0.00625 0.04609375
3 0.21640625 0.9109375 0.00625 0.02109375
3 0.2796875 0.8140625 0.00546875 0.025
3 0.409375 0.71796875 0.00390625 0.02890625
3 0.40859375 0.8140625 0.00546875 0.02890625
3 0.409375 0.9140625 0.0046875 0.025
3 0.40859375 0.528125 0.003125 0.01796875
3 0.33125 0.475 0.00625 0.025
3 0.26484375 0.528125 0.00703125 0.025
3 0.25 0.625 0.00703125 0.01796875
1 0.09375 0.90390625 0.00390625 0.02109375
1 0.11328125 0.90390625 0.00546875 0.01796875
1 0.15390625 0.91796875 0.00390625 0.01796875
4 0.3 0.51796875 0.0046875 0.03203125
4 0.3453125 0.48203125 0.00703125 0.025
4 0.3578125 0.5390625 0.00625 0.04609375
4 0.28203125 0.63203125 0.00859375 0.0359375
4 0.259375 0.7140625 0.01015625 0.0390625
4 0.24375 0.828125 0.00859375 0.04609375
4 0.1625 0.92109375 0.00625 0.04609375
4 0.1671875 0.92109375 0.0046875 0.05390625
0 0.196875 0.77109375 0.01328125 0.01796875
2 0.2546875 0.7609375 0.0046875 0.02890625
2 0.27578125 0.72109375 0.00390625 0.02109375
2 0.271875 0.67109375 0.0046875 0.02109375
2 0.26796875 0.8140625 0.00390625 0.02109375
2 0.29140625 0.575 0.0046875 0.025
2 0.190625 0.8140625 0.0046875 0.01796875
2 0.190625 0.9109375 0.0046875 0.02890625
2 0.284375 0.9109375 0.0046875 0.02109375
2 0.30078125 0.9109375 0.0046875 0.02890625
2 0.30078125 0.8140625 0.0046875 0.03203125
2 0.41484375 0.53203125 0.00390625 0.02890625
2 0.3640625 0.53203125 0.0046875 0.01796875
2 0.34765625 0.53203125 0.00390625 0.01796875
2 0.31484375 0.53203125 0.0046875 0.02109375
1 0.5984375 0.7703125 0.278125 0.41875