3 0.46015625 0.2421875 0.0078125 0.025
2 0.45390625 0.2453125 0.00390625 0.015625
2 0.4375 0.2453125 0.003125 0.0125
2 0.4046875 0.2453125 0.00390625 0.015625
0 0.409375 0.375 0.01640625 0.021875
2 0.4046875 0.33984375 0.003125 0.01875
2 0.3296875 0.2421875 0.003125 0.0125
2 0.3296875 0.34296875 0.003125 0.01875
2 0.30234375 0.2453125 0.00390625 0.01875
2 0.30234375 0.33984375 0.003125 0.01875
0 0.2515625 0.371875 0.015625 0.01875
2 0.2546875 0.33984375 0.00390625 0.01875
2 0.25390625 0.2453125 0.00390625 0.01875
1 0.00546875 0.25234375 0.00546875 0.01875
1 0.03203125 0.25234375 0.00390625 0.015625
1 0.18203125 0.25234375 0.00546875 0.01875
3 0.209375 0.2421875 0.00859375 0.025
1 0.20078125 0.2484375 0.00390625 0.015625
1 0.22421875 0.25234375 0.00546875 0.021875
4 0.4328125 0.2296875 0.00546875 0.028125
4 0.23046875 0.2296875 0.00546875 0.03125
1 0.478125 0.25234375 0.0046875 0.01875
3 0.10625 0.2421875 0.015625 0.03125
3 0.01875 0.2421875 0.0125 0.028125
3 0.353125 0.2421875 0.00546875 0.028125
3 0.35390625 0.33984375 0.0046875 0.034375
3 0.28515625 0.2421875 0.0078125 0.021875
3 0.28515625 0.33984375 0.0078125 0.021875
1 0.3609375 0.853125 0.0515625 0.08828125
1 0.07890625 0.8609375 0.05 0.08203125
3 0.2109375 0.81640625 0.1078125 0.1140625
1 0.88828125 0.746875 0.0484375 0.10625