3 0.090625 0.8407643312101911 0.021875 0.044585987261146494
3 0.2984375 0.8343949044585988 0.0125 0.044585987261146494
3 0.4703125 0.6687898089171974 0.0140625 0.08280254777070063
3 0.4703125 0.8407643312101911 0.0140625 0.03821656050955414
3 0.609375 0.6687898089171974 0.0125 0.044585987261146494
3 0.890625 0.4968152866242038 0.0078125 0.050955414012738856
3 0.8890625 0.6687898089171974 0.0125 0.050955414012738856
3 0.890625 0.8471337579617835 0.009375 0.044585987261146494
3 0.8890625 0.1592356687898089 0.00625 0.03184713375796178
3 0.7203125 0.06369426751592357 0.0140625 0.044585987261146494
3 0.5765625 0.1592356687898089 0.015625 0.044585987261146494
3 0.54375 0.33121019108280253 0.015625 0.03184713375796178
1 0.2046875 0.8280254777070064 0.0078125 0.03821656050955414
1 0.246875 0.8280254777070064 0.0125 0.03184713375796178
1 0.334375 0.8535031847133758 0.0078125 0.03184713375796178
4 0.653125 0.14012738853503184 0.0109375 0.05732484076433121
4 0.7515625 0.07643312101910828 0.015625 0.044585987261146494
4 0.7796875 0.17834394904458598 0.0140625 0.08280254777070063
4 0.6140625 0.34394904458598724 0.01875 0.06369426751592357
4 0.5640625 0.49044585987261147 0.021875 0.07006369426751592
4 0.53125 0.6942675159235668 0.01875 0.08280254777070063
4 0.353125 0.8598726114649682 0.0140625 0.08280254777070063
4 0.3640625 0.8598726114649682 0.0109375 0.09554140127388536
0 0.428125 0.5923566878980892 0.028125 0.03184713375796178
2 0.5546875 0.5732484076433121 0.0109375 0.050955414012738856
2 0.6 0.5031847133757962 0.0078125 0.03821656050955414
2 0.5921875 0.4140127388535032 0.0109375 0.03821656050955414
2 0.5828125 0.6687898089171974 0.0078125 0.03821656050955414
2 0.634375 0.24203821656050956 0.009375 0.044585987261146494
2 0.415625 0.6687898089171974 0.009375 0.03184713375796178
2 0.415625 0.8407643312101911 0.0109375 0.050955414012738856
2 0.61875 0.8407643312101911 0.009375 0.03821656050955414
2 0.6546875 0.8407643312101911 0.0109375 0.050955414012738856
2 0.6546875 0.6687898089171974 0.0109375 0.05732484076433121
2 0.903125 0.16560509554140126 0.0078125 0.050955414012738856
2 0.7921875 0.16560509554140126 0.0109375 0.03184713375796178
2 0.75625 0.16560509554140126 0.0078125 0.03184713375796178
2 0.6859375 0.16560509554140126 0.009375 0.03821656050955414