3 0.06328125 0.377959927140255 0.015625 0.020036429872495445
3 0.20859375 0.37522768670309653 0.00859375 0.020036429872495445
3 0.32890625 0.3005464480874317 0.01015625 0.037340619307832425
3 0.32890625 0.377959927140255 0.01015625 0.017304189435336976
3 0.4265625 0.3005464480874317 0.00859375 0.020036429872495445
3 0.6234375 0.22313296903460839 0.00546875 0.022768670309653915
3 0.62265625 0.3005464480874317 0.00859375 0.022768670309653915
3 0.6234375 0.3806921675774135 0.00625 0.020036429872495445
3 0.62265625 0.07194899817850638 0.0046875 0.014571948998178506
3 0.50390625 0.028233151183970857 0.01015625 0.020036429872495445
3 0.40390625 0.07194899817850638 0.0109375 0.020036429872495445
3 0.38046875 0.1493624772313297 0.0109375 0.014571948998178506
1 0.14296875 0.37249544626593806 0.00546875 0.017304189435336976
1 0.17265625 0.37249544626593806 0.00859375 0.014571948998178506
1 0.234375 0.3843351548269581 0.00546875 0.014571948998178506
4 0.45703125 0.06284153005464481 0.0078125 0.025500910746812388
4 0.52578125 0.03460837887067395 0.0109375 0.020036429872495445
4 0.54609375 0.08014571948998178 0.01015625 0.037340619307832425
4 0.4296875 0.15482695810564662 0.01328125 0.028233151183970857
4 0.39453125 0.2204007285974499 0.015625 0.031876138433515486
4 0.371875 0.3123861566484517 0.01328125 0.037340619307832425
4 0.246875 0.3870673952641166 0.01015625 0.037340619307832425
4 0.2546875 0.3870673952641166 0.0078125 0.042805100182149364
0 0.3 0.2668488160291439 0.01953125 0.014571948998178506
2 0.38828125 0.25774134790528236 0.0078125 0.022768670309653915
2 0.4203125 0.226775956284153 0.00546875 0.017304189435336976
2 0.41484375 0.18670309653916212 0.0078125 0.017304189435336976
2 0.4078125 0.3005464480874317 0.00546875 0.017304189435336976
2 0.44375 0.1092896174863388 0.00625 0.020036429872495445
2 0.290625 0.3005464480874317 0.00625 0.014571948998178506
2 0.290625 0.377959927140255 0.0078125 0.022768670309653915
2 0.4328125 0.377959927140255 0.00625 0.017304189435336976
2 0.45859375 0.377959927140255 0.0078125 0.022768670309653915
2 0.45859375 0.3005464480874317 0.0078125 0.025500910746812388
2 0.63203125 0.07468123861566485 0.00546875 0.022768670309653915
2 0.5546875 0.07468123861566485 0.0078125 0.014571948998178506
2 0.5296875 0.07468123861566485 0.00546875 0.014571948998178506
2 0.48046875 0.07468123861566485 0.00625 0.017304189435336976
1 0.3765625 0.6557377049180327 0.1203125 0.14207650273224043
0 0.425 0.9107468123861566 0.4296875 0.15664845173041894
1 0.8328125 0.8652094717668488 0.0578125 0.06557377049180328