3 0.4546875 0.4453125 0.0109375 0.0234375
3 0.35078125 0.4421875 0.00625 0.0234375
3 0.26484375 0.35390625 0.00703125 0.04375
3 0.26484375 0.4453125 0.00703125 0.0203125
3 0.1953125 0.35390625 0.00625 0.0234375
3 0.0546875 0.26328125 0.00390625 0.02734375
3 0.05546875 0.35390625 0.00625 0.02734375
3 0.0546875 0.4484375 0.0046875 0.0234375
3 0.05546875 0.084375 0.003125 0.0171875
3 0.13984375 0.03359375 0.00703125 0.0234375
3 0.21171875 0.084375 0.0078125 0.0234375
3 0.228125 0.17578125 0.0078125 0.0171875
1 0.39765625 0.43828125 0.00390625 0.0203125
1 0.3765625 0.43828125 0.00625 0.0171875
1 0.3328125 0.45234375 0.00390625 0.0171875
4 0.1734375 0.07421875 0.00546875 0.03046875
4 0.12421875 0.040625 0.0078125 0.0234375
4 0.11015625 0.09453125 0.00703125 0.04375
4 0.19296875 0.18203125 0.009375 0.03359375
4 0.21796875 0.26015625 0.0109375 0.0375
4 0.234375 0.36796875 0.009375 0.04375
4 0.3234375 0.45546875 0.00703125 0.04375
4 0.31796875 0.45546875 0.00546875 0.05078125
0 0.2859375 0.3140625 0.0140625 0.0171875
2 0.22265625 0.30390625 0.00546875 0.02734375
2 0.2 0.26640625 0.00390625 0.0203125
2 0.20390625 0.21953125 0.00546875 0.0203125
2 0.20859375 0.35390625 0.00390625 0.0203125
2 0.1828125 0.128125 0.0046875 0.0234375
2 0.2921875 0.35390625 0.0046875 0.0171875
2 0.2921875 0.4453125 0.00546875 0.02734375
2 0.190625 0.4453125 0.0046875 0.0203125
2 0.17265625 0.4453125 0.00546875 0.02734375
2 0.17265625 0.35390625 0.00546875 0.03046875
2 0.0484375 0.0875 0.00390625 0.02734375
2 0.10390625 0.0875 0.00546875 0.0171875
2 0.121875 0.0875 0.00390625 0.0171875
2 0.15703125 0.0875 0.0046875 0.0203125
4 0.9515625 0.1046875 0.03046875 0.1140625
1 0.9265625 0.16484375 0.02734375 0.0640625
1 0.81484375 0.16875 0.03203125 0.0578125
1 0.73125 0.16484375 0.02265625 0.06015625
3 0.85703125 0.140625 0.03515625 0.0625
1 0.0875 0.896875 0.1078125 0.1234375
1 0.7234375 0.8671875 0.096875 0.0875
3 0.52109375 0.83125 0.0421875 0.1125