1 0.11171875 0.46349557522123896 0.1671875 0.11283185840707964
1 0.359375 0.7345132743362832 0.0234375 0.09402654867256637
1 0.1734375 0.7953539823008849 0.0265625 0.0918141592920354
1 0.04921875 0.7400442477876106 0.0265625 0.0918141592920354
4 0.23984375 0.713495575221239 0.03046875 0.16039823008849557
3 0.11328125 0.7665929203539823 0.06171875 0.09734513274336283
1 0.90390625 0.827433628318584 0.040625 0.13163716814159293
1 0.709375 0.827433628318584 0.04140625 0.13938053097345132
1 0.56484375 0.8296460176991151 0.0390625 0.1338495575221239
1 0.77890625 0.7887168141592921 0.0671875 0.14933628318584072
4 0.94296875 0.6957964601769911 0.0421875 0.2168141592920354