1 0.159375 0.07741347905282331 0.31875 0.15482695810564662
1 0.446875 0.22404371584699453 0.05390625 0.09562841530054644
1 0.70625 0.22404371584699453 0.05546875 0.10109289617486339
1 0.89921875 0.22586520947176686 0.05234375 0.09744990892531877
1 0.61328125 0.19581056466302368 0.0890625 0.1092896174863388
4 0.39453125 0.12750455373406194 0.05625 0.1575591985428051
1 0.13125 0.6129326047358834 0.03828125 0.14754098360655737
1 0.26953125 0.6102003642987249 0.04296875 0.151183970856102
0 0.14609375 0.8770491803278688 0.13671875 0.1621129326047359
1 0.690625 0.7231329690346083 0.0578125 0.06557377049180328
3 0.5078125 0.6903460837887068 0.084375 0.08196721311475409
3 0.9234375 0.6958105646630237 0.10625 0.08561020036429873