1 0.3 0.2699652777777778 0.6 0.5399305555555556
1 0.79375 0.0625 0.05625 0.06770833333333333
1 0.4 0.7586805555555556 0.009375 0.019965277777777776
1 0.3578125 0.7586805555555556 0.0078125 0.019965277777777776
1 0.3265625 0.7586805555555556 0.00859375 0.021701388888888888
2 0.578125 0.7526041666666666 0.00625 0.013888888888888888
2 0.5796875 0.8454861111111112 0.0046875 0.013888888888888888
2 0.53359375 0.8472222222222222 0.00625 0.016493055555555556
2 0.53359375 0.7526041666666666 0.00625 0.016493055555555556
2 0.4515625 0.8472222222222222 0.00859375 0.021701388888888888
2 0.45 0.7526041666666666 0.0078125 0.018229166666666668
3 0.04609375 0.7508680555555556 0.01953125 0.024305555555555556
1 0.06875 0.7586805555555556 0.00859375 0.019965277777777776
1 0.02265625 0.7612847222222222 0.009375 0.021701388888888888
3 0.19375 0.7552083333333334 0.0234375 0.024305555555555556
4 0.40859375 0.7387152777777778 0.01015625 0.03211805555555555
3 0.37421875 0.7526041666666666 0.0140625 0.016493055555555556
3 0.503125 0.7526041666666666 0.0140625 0.019965277777777776
3 0.5046875 0.8454861111111112 0.0140625 0.019965277777777776
0 0.44140625 0.8793402777777778 0.0140625 0.016493055555555556