1 0.86328125 0.21846435100548445 0.00625 0.02010968921389397
1 0.834375 0.21846435100548445 0.00546875 0.02010968921389397
1 0.8125 0.21846435100548445 0.00546875 0.021937842778793418
2 0.98515625 0.21206581352833637 0.0046875 0.013711151736745886
2 0.9859375 0.30438756855575866 0.003125 0.013711151736745886
2 0.9546875 0.3062157221206581 0.0046875 0.016453382084095063
2 0.9546875 0.21206581352833637 0.0046875 0.016453382084095063
2 0.8984375 0.3062157221206581 0.00546875 0.021937842778793418
2 0.896875 0.21206581352833637 0.00546875 0.018281535648994516
3 0.6203125 0.21023765996343693 0.01328125 0.02376599634369287
1 0.6359375 0.21846435100548445 0.00546875 0.02010968921389397
1 0.6046875 0.2202925045703839 0.00625 0.021937842778793418
3 0.721875 0.21480804387568556 0.01640625 0.02376599634369287
4 0.86875 0.1983546617915905 0.00703125 0.031992687385740404
3 0.8453125 0.21206581352833637 0.009375 0.016453382084095063
3 0.93359375 0.21206581352833637 0.009375 0.02010968921389397
3 0.934375 0.30438756855575866 0.009375 0.02010968921389397
0 0.89140625 0.3382084095063985 0.009375 0.016453382084095063
1 0.5765625 0.5694698354661791 0.025 0.038391224862888484
1 0.578125 0.7586837294332724 0.021875 0.03290676416819013
1 0.35 0.8884826325411335 0.0234375 0.03290676416819013
1 0.1796875 0.7330895795246801 0.0265625 0.031078610603290677
4 0.2828125 0.7312614259597806 0.0296875 0.056672760511883
3 0.91875 0.6060329067641682 0.15546875 0.28244972577696525
1 0.73828125 0.7349177330895795 0.0640625 0.28244972577696525