1 0.09609375 0.439622641509434 0.0375 0.11886792452830189
1 0.22578125 0.36886792452830186 0.0296875 0.11509433962264151
1 0.3734375 0.3650943396226415 0.03046875 0.10471698113207548
3 0.1609375 0.39811320754716983 0.07421875 0.12264150943396226
3 0.28828125 0.39811320754716983 0.071875 0.11509433962264151
4 0.02890625 0.33490566037735847 0.0296875 0.19716981132075473
1 0.65859375 0.3641509433962264 0.03359375 0.15660377358490565
1 0.81875 0.3641509433962264 0.034375 0.1650943396226415
1 0.9375 0.36792452830188677 0.03203125 0.15943396226415094
1 0.76171875 0.31886792452830187 0.05546875 0.17735849056603772
4 0.6265625 0.20849056603773586 0.03515625 0.25754716981132075
1 0.1671875 0.9132075471698113 0.2 0.17358490566037735
3 0.61796875 0.9311320754716981 0.009375 0.018867924528301886
3 0.70546875 0.9283018867924528 0.00546875 0.018867924528301886
3 0.77734375 0.8575471698113207 0.00625 0.035849056603773584
3 0.77734375 0.9311320754716981 0.00625 0.016037735849056604
3 0.8359375 0.8575471698113207 0.00546875 0.018867924528301886
3 0.95390625 0.7839622641509434 0.003125 0.02169811320754717
3 0.953125 0.8575471698113207 0.00546875 0.02169811320754717
3 0.95390625 0.9339622641509434 0.00390625 0.018867924528301886
3 0.953125 0.6386792452830189 0.00234375 0.014150943396226415
3 0.8828125 0.5971698113207548 0.00625 0.018867924528301886
3 0.821875 0.6386792452830189 0.00625 0.018867924528301886
3 0.80859375 0.7122641509433962 0.00625 0.014150943396226415
1 0.665625 0.9264150943396227 0.003125 0.016037735849056604
1 0.68359375 0.9264150943396227 0.00546875 0.014150943396226415
1 0.7203125 0.9367924528301886 0.003125 0.014150943396226415
4 0.85390625 0.630188679245283 0.0046875 0.024528301886792454
4 0.8953125 0.6028301886792453 0.00625 0.018867924528301886
4 0.90703125 0.6462264150943396 0.00625 0.035849056603773584
4 0.8375 0.7179245283018868 0.0078125 0.027358490566037737
4 0.81640625 0.7811320754716982 0.009375 0.03018867924528302
4 0.803125 0.8688679245283019 0.0078125 0.035849056603773584
4 0.728125 0.939622641509434 0.00625 0.035849056603773584
4 0.7328125 0.939622641509434 0.0046875 0.04150943396226415
0 0.759375 0.8245283018867925 0.01171875 0.014150943396226415
2 0.8125 0.8160377358490566 0.0046875 0.02169811320754717
2 0.83203125 0.7858490566037736 0.003125 0.016037735849056604
2 0.82890625 0.7481132075471698 0.0046875 0.016037735849056604
2 0.825 0.8575471698113207 0.003125 0.016037735849056604
2 0.84609375 0.6735849056603773 0.00390625 0.018867924528301886
2 0.7546875 0.8575471698113207 0.00390625 0.014150943396226415
2 0.7546875 0.9311320754716981 0.0046875 0.02169811320754717
2 0.83984375 0.9311320754716981 0.00390625 0.016037735849056604
2 0.8546875 0.9311320754716981 0.0046875 0.02169811320754717
2 0.8546875 0.8575471698113207 0.0046875 0.024528301886792454
2 0.959375 0.6415094339622641 0.003125 0.02169811320754717
2 0.9125 0.6415094339622641 0.0046875 0.014150943396226415
2 0.89765625 0.6415094339622641 0.003125 0.014150943396226415
2 0.86796875 0.6415094339622641 0.00390625 0.016037735849056604