1 0.33828125 0.3592436974789916 0.1234375 0.22268907563025211
1 0.64296875 0.2710084033613445 0.0171875 0.058823529411764705
1 0.74765625 0.2710084033613445 0.01328125 0.058823529411764705
3 0.8140625 0.2930672268907563 0.0359375 0.08088235294117647
1 0.021875 0.7069327731092437 0.04375 0.17436974789915966
3 0.26171875 0.6932773109243697 0.2484375 0.16806722689075632
1 0.940625 0.7163865546218487 0.0078125 0.008403361344537815
4 0.853125 0.7289915966386554 0.0078125 0.02100840336134454
3 0.603125 0.7205882352941176 0.009375 0.014705882352941176
3 0.603125 0.792016806722689 0.0078125 0.01680672268907563
0 0.853125 0.7647058823529411 0.025 0.01050420168067227
2 0.440625 0.7205882352941176 0.0078125 0.014705882352941176
2 0.440625 0.792016806722689 0.00625 0.01050420168067227
2 0.5796875 0.7184873949579832 0.00625 0.01050420168067227
2 0.578125 0.792016806722689 0.00625 0.01050420168067227
2 0.8046875 0.7205882352941176 0.0078125 0.012605042016806723
2 0.8046875 0.792016806722689 0.00625 0.01050420168067227