1 0.23671875 0.34262295081967215 0.2734375 0.4672131147540984
1 0.715625 0.4155737704918033 0.028125 0.1778688524590164
1 0.84921875 0.4155737704918033 0.028125 0.1885245901639344
1 0.9484375 0.41885245901639345 0.0265625 0.18114754098360655
1 0.8015625 0.36311475409836064 0.04609375 0.20245901639344263
4 0.6890625 0.23770491803278687 0.02890625 0.2934426229508197
1 0.1078125 0.919672131147541 0.04140625 0.07377049180327869
1 0.253125 0.8762295081967213 0.03359375 0.07131147540983607
1 0.41875 0.8737704918032787 0.034375 0.06393442622950819
3 0.18046875 0.8942622950819672 0.08359375 0.07540983606557378
3 0.32265625 0.8942622950819672 0.08046875 0.07131147540983607
4 0.0328125 0.8557377049180328 0.03359375 0.12131147540983607