1 0.0171875 0.18226600985221675 0.034375 0.06896551724137931
3 0.92265625 0.24220032840722497 0.00859375 0.025451559934318555
2 0.91484375 0.24466338259441708 0.0046875 0.015599343185550082
2 0.89765625 0.24466338259441708 0.00390625 0.012315270935960592
2 0.8609375 0.24466338259441708 0.0046875 0.015599343185550082
0 0.86640625 0.3735632183908046 0.01875 0.022167487684729065
2 0.8609375 0.3390804597701149 0.00390625 0.018883415435139574
2 0.7765625 0.24220032840722497 0.00390625 0.012315270935960592
2 0.7765625 0.34236453201970446 0.00390625 0.018883415435139574
2 0.74609375 0.24466338259441708 0.0046875 0.018883415435139574
2 0.74609375 0.3390804597701149 0.00390625 0.018883415435139574
0 0.68984375 0.37110016420361247 0.0171875 0.018883415435139574
2 0.69375 0.3390804597701149 0.0046875 0.018883415435139574
2 0.69296875 0.24466338259441708 0.0046875 0.018883415435139574
1 0.415625 0.2512315270935961 0.00625 0.018883415435139574
1 0.4453125 0.2512315270935961 0.0046875 0.015599343185550082
1 0.6125 0.2512315270935961 0.00625 0.018883415435139574
3 0.64296875 0.24220032840722497 0.009375 0.025451559934318555
1 0.63359375 0.24794745484400657 0.0046875 0.015599343185550082
1 0.659375 0.2512315270935961 0.00625 0.022167487684729065
4 0.8921875 0.229064039408867 0.00625 0.027914614121510674
4 0.665625 0.229064039408867 0.00625 0.031198686371100164
1 0.94296875 0.2512315270935961 0.00546875 0.018883415435139574
3 0.52734375 0.24220032840722497 0.0171875 0.031198686371100164
3 0.43046875 0.24220032840722497 0.0140625 0.027914614121510674
3 0.803125 0.24220032840722497 0.00625 0.027914614121510674
3 0.8046875 0.3390804597701149 0.00546875 0.034482758620689655
3 0.728125 0.24220032840722497 0.00859375 0.022167487684729065
3 0.728125 0.3390804597701149 0.00859375 0.022167487684729065
1 0.2046875 0.7397372742200329 0.409375 0.5205254515599343
1 0.7046875 0.7208538587848933 0.590625 0.5582922824302134