1 0.41171875 0.37421875 0.2765625 0.2828125
3 0.609375 0.33359375 0.00625 0.034375
2 0.61484375 0.3375 0.003125 0.021875
2 0.628125 0.3375 0.003125 0.0171875
2 0.65625 0.3375 0.003125 0.021875
0 0.6515625 0.515625 0.0140625 0.03046875
2 0.65625 0.46796875 0.003125 0.02578125
2 0.7203125 0.33359375 0.003125 0.0171875
2 0.7203125 0.471875 0.003125 0.02578125
2 0.74375 0.3375 0.003125 0.02578125
2 0.74375 0.46796875 0.003125 0.02578125
0 0.7859375 0.5109375 0.01328125 0.02578125
2 0.78359375 0.46796875 0.003125 0.02578125
2 0.784375 0.3375 0.003125 0.02578125
1 0.9953125 0.34609375 0.0046875 0.02578125
1 0.97265625 0.34609375 0.003125 0.021875
1 0.8453125 0.34609375 0.0046875 0.02578125
3 0.821875 0.33359375 0.00703125 0.034375
1 0.82890625 0.3421875 0.003125 0.021875
1 0.809375 0.34609375 0.0046875 0.03046875
4 0.63203125 0.31640625 0.0046875 0.0390625
4 0.8046875 0.31640625 0.0046875 0.04296875
1 0.59375 0.34609375 0.00390625 0.02578125
3 0.91015625 0.33359375 0.01328125 0.04296875
3 0.98359375 0.33359375 0.0109375 0.0390625
3 0.7 0.33359375 0.0046875 0.0390625
3 0.69921875 0.46796875 0.00390625 0.04765625
3 0.7578125 0.33359375 0.00625 0.03046875
3 0.7578125 0.46796875 0.00625 0.03046875
1 0.32109375 0.675 0.240625 0.05
1 0.31171875 0.95 0.21328125 0.0484375
1 0.7140625 0.6453125 0.084375 0.090625
1 0.984375 0.6453125 0.03125 0.090625