4 0.246875 0.3767361111111111 0.0703125 0.1423611111111111
1 0.3078125 0.4496527777777778 0.0828125 0.09027777777777778
3 0.05078125 0.9279513888888888 0.0125 0.019965277777777776
3 0.1671875 0.9253472222222222 0.00703125 0.019965277777777776
3 0.26328125 0.8506944444444444 0.0078125 0.03732638888888889
3 0.26328125 0.9279513888888888 0.0078125 0.017361111111111112
3 0.340625 0.8506944444444444 0.00703125 0.019965277777777776
3 0.4984375 0.7725694444444444 0.0046875 0.022569444444444444
3 0.49765625 0.8506944444444444 0.00703125 0.022569444444444444
3 0.4984375 0.9314236111111112 0.00546875 0.019965277777777776
3 0.49765625 0.6206597222222222 0.003125 0.014756944444444444
3 0.403125 0.5772569444444444 0.0078125 0.019965277777777776
3 0.32265625 0.6206597222222222 0.00859375 0.019965277777777776
3 0.30390625 0.6979166666666666 0.00859375 0.014756944444444444
1 0.11484375 0.9227430555555556 0.0046875 0.017361111111111112
1 0.13828125 0.9227430555555556 0.00703125 0.014756944444444444
1 0.18671875 0.9340277777777778 0.0046875 0.014756944444444444
4 0.365625 0.6119791666666666 0.00625 0.026041666666666668
4 0.4203125 0.5833333333333334 0.00859375 0.019965277777777776
4 0.4359375 0.6293402777777778 0.0078125 0.03732638888888889
4 0.34375 0.7039930555555556 0.01015625 0.028645833333333332
4 0.315625 0.7699652777777778 0.0125 0.03125
4 0.296875 0.8619791666666666 0.01015625 0.03732638888888889
4 0.19765625 0.9366319444444444 0.0078125 0.03732638888888889
4 0.20390625 0.9366319444444444 0.00625 0.043402777777777776
0 0.23984375 0.8159722222222222 0.015625 0.014756944444444444
2 0.31015625 0.8072916666666666 0.00625 0.022569444444444444
2 0.3359375 0.7760416666666666 0.0046875 0.017361111111111112
2 0.33125 0.7352430555555556 0.00625 0.017361111111111112
2 0.32578125 0.8506944444444444 0.0046875 0.017361111111111112
2 0.3546875 0.6579861111111112 0.00546875 0.019965277777777776
2 0.2328125 0.8506944444444444 0.00546875 0.014756944444444444
2 0.2328125 0.9279513888888888 0.00625 0.022569444444444444
2 0.34609375 0.9279513888888888 0.00546875 0.017361111111111112
2 0.36640625 0.9279513888888888 0.00625 0.022569444444444444
2 0.36640625 0.8506944444444444 0.00625 0.026041666666666668
2 0.50546875 0.6232638888888888 0.0046875 0.022569444444444444
2 0.44296875 0.6232638888888888 0.00625 0.014756944444444444
2 0.42265625 0.6232638888888888 0.0046875 0.014756944444444444
2 0.38359375 0.6232638888888888 0.00546875 0.017361111111111112
1 0.7796875 0.7743055555555556 0.440625 0.4513888888888889