1 0.58125 0.19476744186046513 0.0484375 0.10465116279069768
1 0.2015625 0.2616279069767442 0.0546875 0.10174418604651163
4 0.3375 0.17151162790697674 0.0625 0.17732558139534885
3 0.078125 0.22965116279069767 0.1265625 0.10755813953488372
3 0.96640625 0.40261627906976744 0.0078125 0.02180232558139535
3 0.88984375 0.3997093023255814 0.0046875 0.02180232558139535
3 0.82578125 0.32122093023255816 0.00546875 0.03924418604651163
3 0.82578125 0.40261627906976744 0.00546875 0.0188953488372093
3 0.77421875 0.32122093023255816 0.0046875 0.02180232558139535
3 0.6703125 0.23837209302325582 0.003125 0.024709302325581394
3 0.67109375 0.32122093023255816 0.0046875 0.024709302325581394
3 0.6703125 0.4069767441860465 0.003125 0.02180232558139535
3 0.67109375 0.07703488372093023 0.00234375 0.015988372093023256
3 0.73359375 0.030523255813953487 0.00546875 0.02180232558139535
3 0.78671875 0.07703488372093023 0.00546875 0.02180232558139535
3 0.7984375 0.15843023255813954 0.00546875 0.015988372093023256
1 0.92421875 0.39680232558139533 0.003125 0.0188953488372093
1 0.90859375 0.39680232558139533 0.0046875 0.015988372093023256
1 0.8765625 0.40988372093023256 0.003125 0.015988372093023256
4 0.7578125 0.06686046511627906 0.00390625 0.027616279069767442
4 0.721875 0.036337209302325583 0.00546875 0.02180232558139535
4 0.7109375 0.08575581395348837 0.00546875 0.03924418604651163
4 0.77265625 0.16569767441860464 0.00703125 0.030523255813953487
4 0.79140625 0.23546511627906977 0.0078125 0.03343023255813953
4 0.803125 0.3328488372093023 0.00703125 0.03924418604651163
4 0.86953125 0.4127906976744186 0.00546875 0.03924418604651163
4 0.86484375 0.4127906976744186 0.00390625 0.046511627906976744
0 0.84140625 0.28343023255813954 0.01015625 0.015988372093023256
2 0.79453125 0.2747093023255814 0.00390625 0.024709302325581394
2 0.778125 0.24127906976744187 0.003125 0.0188953488372093
2 0.78046875 0.19912790697674418 0.00390625 0.0188953488372093
2 0.784375 0.32122093023255816 0.003125 0.0188953488372093
2 0.76484375 0.11627906976744186 0.003125 0.02180232558139535
2 0.84609375 0.32122093023255816 0.003125 0.015988372093023256
2 0.84609375 0.40261627906976744 0.00390625 0.024709302325581394
2 0.77109375 0.40261627906976744 0.003125 0.0188953488372093
2 0.7578125 0.40261627906976744 0.00390625 0.024709302325581394
2 0.7578125 0.32122093023255816 0.00390625 0.027616279069767442
2 0.665625 0.07994186046511628 0.003125 0.024709302325581394
2 0.70703125 0.07994186046511628 0.00390625 0.015988372093023256
2 0.7203125 0.07994186046511628 0.003125 0.015988372093023256
2 0.74609375 0.07994186046511628 0.003125 0.0188953488372093
3 0.071875 0.751453488372093 0.04140625 0.17877906976744187
1 0.51328125 0.8023255813953488 0.053125 0.1308139534883721
1 0.96484375 0.6569767441860465 0.0703125 0.22674418604651161