1 0.15859375 0.17926186291739896 0.3171875 0.3585237258347979
1 0.528125 0.15114235500878734 0.0078125 0.007029876977152899
4 0.615625 0.1616871704745167 0.0078125 0.01757469244288225
3 0.865625 0.1546572934973638 0.009375 0.012302284710017574
3 0.865625 0.21441124780316345 0.0078125 0.014059753954305799
0 0.615625 0.19156414762741653 0.025 0.008787346221441126
2 0.8890625 0.15289982425307558 0.00625 0.008787346221441126
2 0.890625 0.21441124780316345 0.00625 0.008787346221441126
2 0.6640625 0.1546572934973638 0.0078125 0.01054481546572935
2 0.6640625 0.21441124780316345 0.00625 0.008787346221441126
1 0.909375 0.7873462214411248 0.03828125 0.1616871704745167
1 0.7265625 0.7873462214411248 0.0390625 0.17135325131810195
1 0.58984375 0.7908611599297012 0.03671875 0.16520210896309315
1 0.79140625 0.7398945518453427 0.06328125 0.18453427065026362
4 0.946875 0.6256590509666081 0.03984375 0.2662565905096661