1 0.825 0.3064159292035398 0.34375 0.2234513274336283
1 0.2171875 0.6637168141592921 0.1203125 0.17256637168141592
0 0.19140625 0.9391592920353983 0.3828125 0.12168141592920353
3 0.94765625 0.7710176991150443 0.00546875 0.03650442477876106
2 0.9421875 0.7754424778761062 0.003125 0.023230088495575223
2 0.93046875 0.7754424778761062 0.00234375 0.018805309734513276
2 0.90546875 0.7754424778761062 0.003125 0.023230088495575223
0 0.909375 0.963495575221239 0.0125 0.032079646017699116
2 0.90546875 0.9126106194690266 0.00234375 0.02765486725663717
2 0.8484375 0.7710176991150443 0.00234375 0.018805309734513276
2 0.8484375 0.9170353982300885 0.00234375 0.02765486725663717
2 0.828125 0.7754424778761062 0.003125 0.02765486725663717
2 0.828125 0.9126106194690266 0.00234375 0.02765486725663717
0 0.78984375 0.959070796460177 0.01171875 0.02765486725663717
2 0.7921875 0.9126106194690266 0.003125 0.02765486725663717
2 0.7921875 0.7754424778761062 0.003125 0.02765486725663717
1 0.6046875 0.7842920353982301 0.0046875 0.02765486725663717
1 0.62421875 0.7842920353982301 0.003125 0.023230088495575223
1 0.7375 0.7842920353982301 0.0046875 0.02765486725663717
3 0.7578125 0.7710176991150443 0.00625 0.03650442477876106
1 0.7515625 0.7798672566371682 0.003125 0.023230088495575223
1 0.76953125 0.7842920353982301 0.0046875 0.032079646017699116
4 0.9265625 0.7522123893805309 0.0046875 0.04092920353982301
4 0.7734375 0.7522123893805309 0.0046875 0.04535398230088496
1 0.9609375 0.7842920353982301 0.00390625 0.02765486725663717
3 0.6796875 0.7710176991150443 0.01171875 0.04535398230088496
3 0.6140625 0.7710176991150443 0.009375 0.04092920353982301
3 0.8671875 0.7710176991150443 0.0046875 0.04092920353982301
3 0.8671875 0.9126106194690266 0.00390625 0.05088495575221239
3 0.815625 0.7710176991150443 0.00546875 0.032079646017699116
3 0.815625 0.9126106194690266 0.00546875 0.032079646017699116