1 0.8109375 0.10823529411764705 0.1 0.14823529411764705
1 0.0640625 0.7341176470588235 0.05625 0.09176470588235294
3 0.3734375 0.6988235294117647 0.103125 0.0988235294117647
1 0.9828125 0.7058823529411765 0.0078125 0.009411764705882352
4 0.8953125 0.72 0.0078125 0.023529411764705882
3 0.6453125 0.7105882352941176 0.009375 0.01647058823529412
3 0.6453125 0.7905882352941176 0.0078125 0.018823529411764704
0 0.8953125 0.76 0.025 0.011764705882352941
2 0.4828125 0.7105882352941176 0.0078125 0.01647058823529412
2 0.4828125 0.7905882352941176 0.00625 0.011764705882352941
2 0.621875 0.7082352941176471 0.00625 0.011764705882352941
2 0.6203125 0.7905882352941176 0.00625 0.011764705882352941
2 0.846875 0.7105882352941176 0.0078125 0.01411764705882353
2 0.846875 0.7905882352941176 0.00625 0.011764705882352941