4 0.1234375 0.465625 0.190625 0.16875
1 0.8 0.121875 0.4 0.24375
1 0.3234375 0.8734375 0.2640625 0.246875
3 0.9640625 0.928125 0.00859375 0.0203125
3 0.88046875 0.92578125 0.0046875 0.0203125
3 0.81171875 0.85078125 0.00546875 0.0375
3 0.81171875 0.928125 0.00546875 0.0171875
3 0.75625 0.85078125 0.0046875 0.0203125
3 0.64375 0.7734375 0.003125 0.02265625
3 0.64453125 0.85078125 0.0046875 0.02265625
3 0.64375 0.93125 0.00390625 0.0203125
3 0.64453125 0.621875 0.00234375 0.0140625
3 0.71171875 0.57890625 0.00546875 0.0203125
3 0.76953125 0.621875 0.00625 0.0203125
3 0.7828125 0.69921875 0.00625 0.0140625
1 0.91796875 0.92265625 0.003125 0.0171875
1 0.9015625 0.92265625 0.0046875 0.0140625
1 0.86640625 0.934375 0.003125 0.0140625
4 0.7390625 0.61328125 0.0046875 0.02578125
4 0.69921875 0.584375 0.00625 0.0203125
4 0.68828125 0.63046875 0.00546875 0.0375
4 0.7546875 0.7046875 0.0078125 0.02890625
4 0.77421875 0.7703125 0.00859375 0.03125
4 0.7875 0.8625 0.0078125 0.0375
4 0.85859375 0.93671875 0.00546875 0.0375
4 0.8546875 0.93671875 0.0046875 0.04296875
0 0.82890625 0.81640625 0.0109375 0.0140625
2 0.778125 0.8078125 0.0046875 0.02265625
2 0.76015625 0.7765625 0.003125 0.0171875
2 0.76328125 0.7359375 0.0046875 0.0171875
2 0.7671875 0.85078125 0.003125 0.0171875
2 0.74609375 0.65859375 0.00390625 0.0203125
2 0.83359375 0.85078125 0.00390625 0.0140625
2 0.83359375 0.928125 0.0046875 0.02265625
2 0.75234375 0.928125 0.00390625 0.0171875
2 0.73828125 0.928125 0.0046875 0.02265625
2 0.73828125 0.85078125 0.0046875 0.02578125
2 0.6390625 0.62421875 0.003125 0.02265625
2 0.6828125 0.62421875 0.0046875 0.0140625
2 0.69765625 0.62421875 0.003125 0.0140625
2 0.72578125 0.62421875 0.00390625 0.0171875