1 0.0859375 0.17109375 0.00390625 0.015625
1 0.1046875 0.17109375 0.003125 0.015625
1 0.11796875 0.17109375 0.00390625 0.0171875
2 0.009375 0.16640625 0.003125 0.0109375
2 0.00859375 0.23828125 0.00234375 0.0109375
2 0.02890625 0.23984375 0.003125 0.0125
2 0.02890625 0.16640625 0.003125 0.0125
2 0.0640625 0.23984375 0.00390625 0.0171875
2 0.06484375 0.16640625 0.003125 0.0140625
3 0.23984375 0.16484375 0.00859375 0.01875
1 0.2296875 0.17109375 0.00390625 0.015625
1 0.25 0.17265625 0.00390625 0.0171875
3 0.17578125 0.16796875 0.01015625 0.01875
4 0.0828125 0.15546875 0.0046875 0.025
3 0.09765625 0.16640625 0.00625 0.0125
3 0.04140625 0.16640625 0.00625 0.015625
3 0.04140625 0.23828125 0.00625 0.015625
0 0.06875 0.26484375 0.00625 0.0125
1 0.5640625 0.61796875 0.0890625 0.1453125
1 0.88515625 0.61640625 0.09921875 0.14921875
0 0.59921875 0.87890625 0.31796875 0.16015625