1 0.078125 0.8058568329718004 0.03359375 0.14859002169197397
1 0.23828125 0.8058568329718004 0.034375 0.15726681127982647
1 0.35625 0.8080260303687635 0.03203125 0.15075921908893708
1 0.18125 0.7613882863340564 0.0546875 0.1681127982646421
4 0.04609375 0.6572668112798264 0.034375 0.2440347071583514
1 0.78203125 0.6594360086767896 0.0046875 0.008676789587852495
1 0.90703125 0.6691973969631236 0.00390625 0.008676789587852495
4 0.73125 0.6735357917570499 0.0046875 0.0227765726681128
4 0.4640625 0.6735357917570499 0.0046875 0.024945770065075923
3 0.5859375 0.6648590021691974 0.00546875 0.016268980477223426
3 0.5859375 0.7429501084598699 0.0046875 0.01843817787418655
3 0.84453125 0.6616052060737527 0.009375 0.020607375271149676
3 0.98671875 0.6616052060737527 0.0125 0.01843817787418655
3 0.43125 0.6616052060737527 0.009375 0.0227765726681128
0 0.4625 0.7147505422993492 0.01484375 0.014099783080260303
0 0.73125 0.7125813449023861 0.01484375 0.01193058568329718
2 0.4546875 0.6648590021691974 0.00390625 0.01193058568329718
2 0.49140625 0.6648590021691974 0.0046875 0.016268980477223426
2 0.49140625 0.7429501084598699 0.00390625 0.01193058568329718
2 0.571875 0.6616052060737527 0.00390625 0.01193058568329718
2 0.57109375 0.7429501084598699 0.00390625 0.01193058568329718
2 0.703125 0.6648590021691974 0.0046875 0.014099783080260303
2 0.703125 0.7429501084598699 0.00390625 0.01193058568329718