1 0.1578125 0.33125 0.1703125 0.175
3 0.93984375 0.31484375 0.00625 0.0328125
2 0.93359375 0.31875 0.00390625 0.0203125
2 0.9203125 0.31875 0.003125 0.01640625
2 0.89140625 0.31875 0.00390625 0.0203125
0 0.8953125 0.4859375 0.0140625 0.02890625
2 0.89140625 0.44140625 0.003125 0.02421875
2 0.82578125 0.31484375 0.003125 0.01640625
2 0.82578125 0.4453125 0.003125 0.02421875
2 0.8015625 0.31875 0.00390625 0.02421875
2 0.8015625 0.44140625 0.003125 0.02421875
0 0.7578125 0.48203125 0.0140625 0.02421875
2 0.7609375 0.44140625 0.00390625 0.02421875
2 0.76015625 0.31875 0.00390625 0.02421875
1 0.54375 0.3265625 0.0046875 0.02421875
1 0.5671875 0.3265625 0.00390625 0.0203125
1 0.69765625 0.3265625 0.0046875 0.02421875
3 0.72109375 0.31484375 0.00703125 0.0328125
1 0.7140625 0.32265625 0.00390625 0.0203125
1 0.734375 0.3265625 0.0046875 0.02890625
4 0.915625 0.2984375 0.0046875 0.03671875
4 0.7390625 0.2984375 0.0046875 0.040625
1 0.95546875 0.3265625 0.0046875 0.02421875
3 0.63125 0.31484375 0.0140625 0.040625
3 0.55546875 0.31484375 0.0109375 0.03671875
3 0.846875 0.31484375 0.0046875 0.03671875
3 0.84765625 0.44140625 0.0046875 0.0453125
3 0.7875 0.31484375 0.00625 0.02890625
3 0.7875 0.44140625 0.00625 0.02890625
1 0.36171875 0.65546875 0.3546875 0.2734375
3 0.95859375 0.9234375 0.01015625 0.02109375
3 0.8625 0.9203125 0.00546875 0.02109375
3 0.78359375 0.840625 0.00625 0.03984375
3 0.78359375 0.9234375 0.00625 0.01875
3 0.71875 0.840625 0.00546875 0.02109375
3 0.58984375 0.7578125 0.00390625 0.02421875
3 0.58984375 0.840625 0.00546875 0.02421875
3 0.58984375 0.9265625 0.0046875 0.02109375
3 0.58984375 0.5953125 0.003125 0.015625
3 0.66796875 0.54921875 0.00625 0.02109375
3 0.734375 0.5953125 0.00703125 0.02109375
3 0.74921875 0.678125 0.00703125 0.015625
1 0.90546875 0.9171875 0.00390625 0.01875
1 0.8859375 0.9171875 0.00546875 0.015625
1 0.84609375 0.9296875 0.00390625 0.015625
4 0.69921875 0.5859375 0.0046875 0.02734375
4 0.65390625 0.55546875 0.00703125 0.02109375
4 0.640625 0.6046875 0.00625 0.03984375
4 0.7171875 0.684375 0.00859375 0.03046875
4 0.73984375 0.7546875 0.01015625 0.03359375
4 0.75546875 0.853125 0.00859375 0.03984375
4 0.8375 0.9328125 0.00625 0.03984375
4 0.83203125 0.9328125 0.0046875 0.04609375
0 0.80234375 0.80390625 0.01328125 0.015625
2 0.74453125 0.79453125 0.0046875 0.02421875
2 0.7234375 0.7609375 0.00390625 0.01875
2 0.72734375 0.71796875 0.0046875 0.01875
2 0.73125 0.840625 0.00390625 0.01875
2 0.7078125 0.63515625 0.0046875 0.02109375
2 0.80859375 0.840625 0.0046875 0.015625
2 0.80859375 0.9234375 0.0046875 0.02421875
2 0.71484375 0.9234375 0.0046875 0.01875
2 0.6984375 0.9234375 0.0046875 0.02421875
2 0.6984375 0.840625 0.0046875 0.02734375
2 0.58359375 0.5984375 0.00390625 0.02421875
2 0.63515625 0.5984375 0.0046875 0.015625
2 0.6515625 0.5984375 0.00390625 0.015625
2 0.68359375 0.5984375 0.0046875 0.01875