1 0.27421875 0.47265625 0.3953125 0.2921875
1 0.96328125 0.09375 0.0734375 0.090625
1 0.0375 0.64765625 0.075 0.0578125
3 0.55625 0.85 0.00703125 0.02421875
2 0.5625 0.853125 0.00390625 0.01484375
2 0.57734375 0.853125 0.003125 0.01171875
2 0.609375 0.853125 0.00390625 0.01484375
0 0.6046875 0.97578125 0.015625 0.02109375
2 0.609375 0.94296875 0.003125 0.01796875
2 0.68203125 0.85 0.003125 0.01171875
2 0.68203125 0.94609375 0.003125 0.01796875
2 0.70859375 0.853125 0.00390625 0.01796875
2 0.70859375 0.94296875 0.003125 0.01796875
0 0.75703125 0.97265625 0.01484375 0.01796875
2 0.75390625 0.94296875 0.00390625 0.01796875
2 0.7546875 0.853125 0.00390625 0.01796875
1 0.99453125 0.85859375 0.00546875 0.01796875
1 0.96875 0.85859375 0.00390625 0.01484375
1 0.82421875 0.85859375 0.00546875 0.01796875
3 0.79765625 0.85 0.0078125 0.02421875
1 0.80625 0.85625 0.00390625 0.01484375
1 0.78359375 0.85859375 0.00546875 0.02109375
4 0.5828125 0.83828125 0.00546875 0.02734375
4 0.778125 0.83828125 0.00546875 0.0296875
1 0.53828125 0.85859375 0.0046875 0.01796875
3 0.89765625 0.85 0.01484375 0.0296875
3 0.98125 0.85 0.01171875 0.02734375
3 0.659375 0.85 0.00546875 0.02734375
3 0.65859375 0.94296875 0.0046875 0.0328125
3 0.72421875 0.85 0.00703125 0.02109375
3 0.72421875 0.94296875 0.00703125 0.02109375