1 0.4375 0.1265625 0.0453125 0.046875
3 0.425 0.7640625 0.00703125 0.0375
2 0.41875 0.76875 0.00390625 0.0234375
2 0.40390625 0.76875 0.003125 0.01875
2 0.3734375 0.76875 0.00390625 0.0234375
0 0.378125 0.9625 0.015625 0.0328125
2 0.3734375 0.91015625 0.003125 0.028125
2 0.30390625 0.7640625 0.003125 0.01875
2 0.30390625 0.91484375 0.003125 0.028125
2 0.27890625 0.76875 0.00390625 0.028125
2 0.27890625 0.91015625 0.003125 0.028125
0 0.23203125 0.9578125 0.01484375 0.028125
2 0.23515625 0.91015625 0.00390625 0.028125
2 0.234375 0.76875 0.00390625 0.028125
1 0.00546875 0.778125 0.00546875 0.028125
1 0.0296875 0.778125 0.00390625 0.0234375
1 0.16796875 0.778125 0.00546875 0.028125
3 0.19296875 0.7640625 0.0078125 0.0375
1 0.1859375 0.7734375 0.00390625 0.0234375
1 0.20703125 0.778125 0.00546875 0.0328125
4 0.4 0.74453125 0.00546875 0.0421875
4 0.2125 0.74453125 0.00546875 0.046875
1 0.44140625 0.778125 0.0046875 0.028125
3 0.09765625 0.7640625 0.01484375 0.046875
3 0.0171875 0.7640625 0.01171875 0.0421875
3 0.3265625 0.7640625 0.00546875 0.0421875
3 0.32734375 0.91015625 0.0046875 0.05234375
3 0.26328125 0.7640625 0.00703125 0.0328125
3 0.26328125 0.91015625 0.00703125 0.0328125
1 0.8140625 0.7171875 0.21484375 0.43203125