1 0.3328125 0.4759825327510917 0.015625 0.043668122270742356
1 0.403125 0.4759825327510917 0.0125 0.043668122270742356
1 0.45625 0.4759825327510917 0.0140625 0.048034934497816595
2 0.0359375 0.462882096069869 0.0109375 0.03056768558951965
2 0.034375 0.6637554585152838 0.0078125 0.03056768558951965
2 0.1109375 0.6681222707423581 0.0109375 0.034934497816593885
2 0.1109375 0.462882096069869 0.0109375 0.034934497816593885
2 0.246875 0.6681222707423581 0.0140625 0.048034934497816595
2 0.25 0.462882096069869 0.0125 0.039301310043668124
3 0.9234375 0.4585152838427948 0.0328125 0.05240174672489083
1 0.8859375 0.4759825327510917 0.0140625 0.043668122270742356
1 0.9625 0.48034934497816595 0.015625 0.048034934497816595
3 0.6765625 0.4672489082969432 0.0390625 0.05240174672489083
4 0.31875 0.43231441048034935 0.0171875 0.06986899563318777
3 0.3765625 0.462882096069869 0.0234375 0.034934497816593885
3 0.1609375 0.462882096069869 0.0234375 0.043668122270742356
3 0.159375 0.6637554585152838 0.0234375 0.043668122270742356
0 0.2640625 0.7379912663755459 0.0234375 0.034934497816593885