3 0.93046875 0.303125 0.0078125 0.03125
2 0.9234375 0.30703125 0.00390625 0.01953125
2 0.9078125 0.30703125 0.003125 0.015625
2 0.875 0.30703125 0.00390625 0.01953125
0 0.8796875 0.46875 0.01640625 0.02734375
2 0.875 0.425 0.003125 0.0234375
2 0.79921875 0.303125 0.003125 0.015625
2 0.79921875 0.42890625 0.003125 0.0234375
2 0.771875 0.30703125 0.00390625 0.0234375
2 0.771875 0.425 0.003125 0.0234375
0 0.72109375 0.46484375 0.015625 0.0234375
2 0.72421875 0.425 0.00390625 0.0234375
2 0.7234375 0.30703125 0.00390625 0.0234375
1 0.47421875 0.31484375 0.00546875 0.0234375
1 0.50078125 0.31484375 0.00390625 0.01953125
1 0.6515625 0.31484375 0.00546875 0.0234375
3 0.67890625 0.303125 0.00859375 0.03125
1 0.6703125 0.3109375 0.00390625 0.01953125
1 0.69375 0.31484375 0.00546875 0.02734375
4 0.903125 0.2875 0.00546875 0.03515625
4 0.69921875 0.2875 0.00546875 0.0390625
1 0.9484375 0.31484375 0.0046875 0.0234375
3 0.575 0.303125 0.015625 0.0390625
3 0.4875 0.303125 0.0125 0.03515625
3 0.8234375 0.303125 0.00546875 0.03515625
3 0.82421875 0.425 0.0046875 0.04296875
3 0.75546875 0.303125 0.0078125 0.02734375
3 0.75546875 0.425 0.0078125 0.02734375
4 0.01015625 0.859375 0.0203125 0.09375
2 0.2609375 0.9 0.053125 0.0515625
1 0.990625 0.8703125 0.01875 0.028125
1 0.8234375 0.7375 0.0265625 0.0265625
4 0.5484375 0.875 0.025 0.040625
4 0.9265625 0.7359375 0.0296875 0.0484375