1 0.22265625 0.2379110251450677 0.01015625 0.022243713733075435
1 0.26953125 0.2379110251450677 0.00859375 0.022243713733075435
1 0.30546875 0.2379110251450677 0.009375 0.024177949709864602
2 0.02421875 0.2311411992263056 0.00703125 0.015473887814313346
2 0.02265625 0.3307543520309478 0.00546875 0.015473887814313346
2 0.07421875 0.33365570599613154 0.00703125 0.017408123791102514
2 0.07421875 0.2311411992263056 0.00703125 0.017408123791102514
2 0.16484375 0.33365570599613154 0.009375 0.024177949709864602
2 0.1671875 0.2311411992263056 0.00859375 0.019342359767891684
3 0.6171875 0.22920696324951645 0.021875 0.02611218568665377
1 0.5921875 0.2379110251450677 0.009375 0.022243713733075435
1 0.64375 0.23984526112185686 0.01015625 0.024177949709864602
3 0.45234375 0.2330754352030948 0.02578125 0.02611218568665377
4 0.21328125 0.21566731141199227 0.01171875 0.03481624758220503
3 0.2515625 0.2311411992263056 0.015625 0.017408123791102514
3 0.1078125 0.2311411992263056 0.015625 0.022243713733075435
3 0.10625 0.3307543520309478 0.015625 0.022243713733075435
0 0.1765625 0.36847195357833656 0.015625 0.017408123791102514
1 0.834375 0.39264990328820115 0.33125 0.2127659574468085
1 0.834375 0.7059961315280464 0.33125 0.41392649903288203