1 0.0953125 0.10049423393739704 0.190625 0.20098846787479407
4 0.68984375 0.40197693574958815 0.0703125 0.11532125205930807
2 0.37734375 0.43657331136738053 0.0359375 0.04612850082372323
1 0.75078125 0.4489291598023064 0.0828125 0.0214168039538715
3 0.0328125 0.914332784184514 0.0078125 0.023887973640856673
3 0.10703125 0.9102141680395387 0.0046875 0.023887973640856673
3 0.16875 0.8212520593080724 0.0046875 0.044481054365733116
3 0.16875 0.914332784184514 0.0046875 0.02059308072487644
3 0.21875 0.8212520593080724 0.0046875 0.023887973640856673
3 0.3203125 0.728171334431631 0.003125 0.027182866556836903
3 0.31953125 0.8212520593080724 0.0046875 0.027182866556836903
3 0.3203125 0.9176276771004942 0.003125 0.023887973640856673
3 0.31953125 0.5453047775947282 0.00234375 0.01729818780889621
3 0.25859375 0.4942339373970346 0.0046875 0.023887973640856673
3 0.20703125 0.5453047775947282 0.00546875 0.023887973640856673
3 0.1953125 0.6383855024711697 0.00546875 0.01729818780889621
1 0.0734375 0.9069192751235585 0.003125 0.02059308072487644
1 0.0890625 0.9069192751235585 0.0046875 0.01729818780889621
1 0.1203125 0.9209225700164745 0.003125 0.01729818780889621
4 0.234375 0.5354200988467874 0.00390625 0.03130148270181219
4 0.2703125 0.500823723228995 0.00546875 0.023887973640856673
4 0.28046875 0.556013179571664 0.0046875 0.044481054365733116
4 0.2203125 0.6457990115321252 0.00703125 0.03459637561779242
4 0.20234375 0.7248764415156508 0.0078125 0.03789126853377265
4 0.190625 0.8344316309719935 0.00703125 0.044481054365733116
4 0.1265625 0.9242174629324547 0.0046875 0.044481054365733116
4 0.13046875 0.9242174629324547 0.00390625 0.051894563426688634
0 0.15390625 0.7800658978583196 0.01015625 0.01729818780889621
2 0.19921875 0.7693574958813838 0.00390625 0.027182866556836903
2 0.215625 0.7314662273476112 0.003125 0.02059308072487644
2 0.2125 0.6836902800658978 0.00390625 0.02059308072487644
2 0.209375 0.8212520593080724 0.003125 0.02059308072487644
2 0.228125 0.5906095551894563 0.003125 0.023887973640856673
2 0.14921875 0.8212520593080724 0.003125 0.01729818780889621
2 0.14921875 0.914332784184514 0.00390625 0.027182866556836903
2 0.22265625 0.914332784184514 0.003125 0.02059308072487644
2 0.23515625 0.914332784184514 0.00390625 0.027182866556836903
2 0.23515625 0.8212520593080724 0.00390625 0.03130148270181219
2 0.32421875 0.5494233937397035 0.003125 0.027182866556836903
2 0.284375 0.5494233937397035 0.00390625 0.01729818780889621
2 0.271875 0.5494233937397035 0.003125 0.01729818780889621
2 0.246875 0.5494233937397035 0.003125 0.02059308072487644
1 0.6796875 0.729818780889621 0.640625 0.5403624382207578