1 0.4484375 0.0784313725490196 0.05625 0.08496732026143791
3 0.1390625 0.0457516339869281 0.103125 0.0915032679738562
1 0.90234375 0.42592592592592593 0.1953125 0.38562091503267976
1 0.3921875 0.7418300653594772 0.275 0.24618736383442266
3 0.93828125 0.8496732026143791 0.00625 0.023965141612200435
2 0.93203125 0.8529411764705882 0.00390625 0.015250544662309368
2 0.91875 0.8529411764705882 0.003125 0.011982570806100218
2 0.8890625 0.8529411764705882 0.00390625 0.015250544662309368
0 0.89375 0.9760348583877996 0.01484375 0.020697167755991286
2 0.8890625 0.9433551198257081 0.003125 0.018518518518518517
2 0.821875 0.8496732026143791 0.003125 0.011982570806100218
2 0.821875 0.9455337690631809 0.003125 0.018518518518518517
2 0.79765625 0.8529411764705882 0.00390625 0.018518518518518517
2 0.79765625 0.9433551198257081 0.003125 0.018518518518518517
0 0.753125 0.9727668845315904 0.0140625 0.018518518518518517
2 0.75625 0.9433551198257081 0.00390625 0.018518518518518517
2 0.75546875 0.8529411764705882 0.00390625 0.018518518518518517
1 0.53515625 0.8583877995642701 0.00546875 0.018518518518518517
1 0.55859375 0.8583877995642701 0.00390625 0.015250544662309368
1 0.69140625 0.8583877995642701 0.00546875 0.018518518518518517
3 0.715625 0.8496732026143791 0.00703125 0.023965141612200435
1 0.70859375 0.8562091503267973 0.00390625 0.015250544662309368
1 0.72890625 0.8583877995642701 0.00546875 0.020697167755991286
4 0.9140625 0.8376906318082789 0.00546875 0.027233115468409588
4 0.73359375 0.8376906318082789 0.00546875 0.030501089324618737
1 0.9546875 0.8583877995642701 0.0046875 0.018518518518518517
3 0.6234375 0.8496732026143791 0.0140625 0.030501089324618737
3 0.546875 0.8496732026143791 0.0109375 0.027233115468409588
3 0.84375 0.8496732026143791 0.00546875 0.027233115468409588
3 0.84453125 0.9433551198257081 0.0046875 0.032679738562091505
3 0.78359375 0.8496732026143791 0.00625 0.020697167755991286
3 0.78359375 0.9433551198257081 0.00625 0.020697167755991286